0.530143 0.010881 -0.000471 -0.043380 -0.003908 0.019886 -0.056953 -0.084243 -0.099587 -0.035074 0.058601 0.095113 -0.197974 -0.129870 -0.116145 -0.031085 -0.186923 0.091600 -0.054052 0.026843 0.014901 -0.149549 0.179763 0.092571 0.055713 0.075674 -0.063028
0.010881 0.510933 -0.023164 0.022110 -0.066679 -0.135560 0.070879 -0.127626 -0.004160 -0.168046 -0.056161 0.053095 0.014109 -0.109048 -0.100034 -0.108703 0.083742 -0.100958 0.135365 -0.095089 0.021163 0.012085 -0.068604 0.197404 0.036394 -0.042783 0.038326
-0.000471 -0.023164 0.456538 -0.017715 -0.007007 -0.151953 -0.073313 0.032953 -0.060353 -0.065250 -0.184551 -0.064417 0.046465 0.109852 -0.091086 -0.071327 -0.058680 0.145058 -0.045197 0.127685 -0.100733 0.003519 0.013352 -0.066496 0.161236 -0.009882 -0.005093
-0.043380 0.022110 -0.017715 0.473564 -0.014674 -0.069414 -0.136983 -0.088232 0.034709 -0.071035 -0.071881 -0.181136 -0.072022 0.071367 0.142781 -0.097477 -0.022848 -0.061927 0.144345 -0.066321 0.133941 -0.094939 0.036378 -0.007320 -0.087655 0.135748 0.010188
-0.003908 -0.066679 -0.007007 -0.014674 0.465967 -0.044484 -0.036126 -0.154842 -0.049782 0.007708 -0.080504 -0.073499 -0.185104 -0.029582 0.074758 0.153583 -0.077855 0.015608 -0.030829 0.138664 -0.073651 0.118585 -0.097860 0.042789 -0.022542 -0.111574 0.143639
0.019886 -0.135560 -0.151953 -0.069414 -0.044484 0.646722 -0.013213 0.051976 -0.084280 -0.062524 0.006604 -0.124654 0.063791 -0.144666 -0.101247 0.145881 0.025399 -0.074025 0.094579 0.064294 0.104898 -0.094296 -0.120495 -0.055670 0.088845 0.045215 -0.081056
-0.056953 0.070879 -0.073313 -0.136983 -0.036126 -0.013213 0.594364 0.000909 -0.001906 -0.026607 -0.056319 0.014338 -0.140126 -0.014275 -0.136694 -0.140683 0.155332 -0.022173 -0.129137 0.072765 0.071982 0.137675 -0.053197 -0.133426 -0.041671 0.097911 -0.002653
-0.084243 -0.127626 0.032953 -0.088232 -0.154842 0.051976 0.000909 0.616269 0.069290 0.010548 -0.042364 -0.095894 0.072066 -0.114835 -0.048797 -0.105294 -0.156460 0.189773 0.025090 -0.107645 0.048919 0.100112 0.030222 -0.028971 -0.123824 -0.041398 0.072822
-0.099587 -0.004160 -0.060353 0.034709 -0.049782 -0.084280 -0.001906 0.069290 0.494433 0.155821 0.029888 -0.026859 0.001064 -0.019419 -0.096612 -0.075082 -0.179864 -0.288262 0.116570 0.040927 -0.084304 0.070260 0.057451 -0.037128 0.013356 -0.026387 0.050164
-0.035074 -0.168046 -0.065250 -0.071035 0.007708 -0.062524 -0.026607 0.010548 0.155821 0.442217 0.137639 -0.001322 0.015797 0.097298 -0.011974 -0.053997 -0.042896 -0.148315 -0.219593 0.135621 0.023087 -0.085643 -0.012904 0.069850 -0.058930 -0.021629 -0.009554
0.058601 -0.056161 -0.184551 -0.071881 -0.080504 0.006604 -0.056319 -0.042364 0.029888 0.137639 0.442795 0.139108 -0.028571 0.023874 0.080276 -0.005951 -0.060508 -0.009593 -0.134991 -0.216216 0.130505 0.008241 -0.075438 0.009618 0.068704 -0.068261 -0.044243
0.095113 0.053095 -0.064417 -0.181136 -0.073499 -0.124654 0.014338 -0.095894 -0.026859 -0.001322 0.139108 0.459108 0.064499 -0.022985 0.016530 0.071057 0.013156 -0.011873 -0.004365 -0.150833 -0.218415 0.102092 0.077354 -0.048102 -0.002856 0.035983 -0.113344
-0.197974 0.014109 0.046465 -0.072022 -0.185104 0.063791 -0.140126 0.072066 0.001064 0.015797 -0.028571 0.064499 0.520861 0.071811 -0.046410 0.036712 0.119155 0.016204 0.027073 0.006017 -0.186854 -0.123222 -0.033320 0.113514 -0.041817 -0.042219 -0.090603
-0.129870 -0.109048 0.109852 0.071367 -0.029582 -0.144666 -0.014275 -0.114835 -0.019419 0.097298 0.023874 -0.022985 0.071811 0.411282 0.093549 -0.098542 0.049823 0.030665 -0.069689 -0.003066 0.024048 -0.122555 -0.077871 -0.074020 0.133554 -0.014523 -0.071813
-0.116145 -0.100034 -0.091086 0.142781 0.074758 -0.101247 -0.136694 -0.048797 -0.096612 -0.011974 0.080276 0.016530 -0.046410 0.093549 0.449565 0.078598 -0.007323 0.065720 0.027213 -0.115731 0.000777 0.062627 -0.066188 -0.099819 -0.106755 0.080875 -0.027941
-0.031085 -0.108703 -0.071327 -0.097477 0.153583 0.145881 -0.140683 -0.105294 -0.075082 -0.053997 -0.005951 0.071057 0.036712 -0.098542 0.078598 0.440403 0.052417 -0.044951 0.039684 0.037276 -0.116048 0.029215 0.035093 -0.064569 -0.076651 -0.080085 0.050515
-0.186923 0.083742 -0.058680 -0.022848 -0.077855 0.025399 0.155332 -0.156460 -0.179864 -0.042896 -0.060508 0.013156 0.119155 0.049823 -0.007323 0.052417 0.508909 -0.020958 -0.090635 -0.008569 0.072123 -0.085248 0.092335 -0.070643 -0.095049 -0.071241 0.063000
0.091600 -0.100958 0.145058 -0.061927 0.015608 -0.074025 -0.022173 0.189773 -0.288262 -0.148315 -0.009593 -0.011873 0.016204 0.030665 0.065720 -0.044951 -0.020958 0.405273 -0.100312 -0.079053 0.020188 0.035458 -0.037557 0.053775 -0.038336 -0.020206 -0.011021
-0.054052 0.135365 -0.045197 0.144345 -0.030829 0.094579 -0.129137 0.025090 0.116570 -0.219593 -0.134991 -0.004365 0.027073 -0.069689 0.027213 0.039684 -0.090635 -0.100312 0.349931 -0.093176 -0.070299 0.045714 0.015229 -0.060489 0.087662 0.015512 -0.021541
0.026843 -0.095089 0.127685 -0.066321 0.138664 0.064294 0.072765 -0.107645 0.040927 0.135621 -0.216216 -0.150833 0.006017 -0.003066 -0.115731 0.037276 -0.008569 -0.079053 -0.093176 0.374673 -0.106847 -0.061541 -0.007866 0.049616 -0.034931 0.108502 -0.036637
0.014901 0.021163 -0.100733 0.133941 -0.073651 0.104898 0.071982 0.048919 -0.084304 0.023087 0.130505 -0.218415 -0.186854 0.024048 0.000777 -0.116048 0.072123 0.020188 -0.070299 -0.106847 0.372461 -0.104227 -0.029112 0.003583 0.034059 -0.066922 0.080221
-0.149549 0.012085 0.003519 -0.094939 0.118585 -0.094296 0.137675 0.100112 0.070260 -0.085643 0.008241 0.102092 -0.123222 -0.122555 0.062627 0.029215 -0.085248 0.035458 0.045714 -0.061541 -0.104227 0.407016 -0.185789 -0.074965 -0.012429 0.036610 0.024002
0.179763 -0.068604 0.013352 0.036378 -0.097860 -0.120495 -0.053197 0.030222 0.057451 -0.012904 -0.075438 0.077354 -0.033320 -0.077871 -0.066188 0.035093 0.092335 -0.037557 0.015229 -0.007866 -0.029112 -0.185789 0.621613 -0.211219 -0.127238 -0.061008 0.106330
0.092571 0.197404 -0.066496 -0.007320 0.042789 -0.055670 -0.133426 -0.028971 -0.037128 0.069850 0.009618 -0.048102 0.113514 -0.074020 -0.099819 -0.064569 -0.070643 0.053775 -0.060489 0.049616 0.003583 -0.074965 -0.211219 0.607931 -0.176646 -0.047825 0.015881
0.055713 0.036394 0.161236 -0.087655 -0.022542 0.088845 -0.041671 -0.123824 0.013356 -0.058930 0.068704 -0.002856 -0.041817 0.133554 -0.106755 -0.076651 -0.095049 -0.038336 0.087662 -0.034931 0.034059 -0.012429 -0.127238 -0.176646 0.616087 -0.175697 -0.073129
0.075674 -0.042783 -0.009882 0.135748 -0.111574 0.045215 0.097911 -0.041398 -0.026387 -0.021629 -0.068261 0.035983 -0.042219 -0.014523 0.080875 -0.080085 -0.071241 -0.020206 0.015512 0.108502 -0.066922 0.036610 -0.061008 -0.047825 -0.175697 0.571602 -0.302207
-0.063028 0.038326 -0.005093 0.010188 0.143639 -0.081056 -0.002653 0.072822 0.050164 -0.009554 -0.044243 -0.113344 -0.090603 -0.071813 -0.027941 0.050515 0.063000 -0.011021 -0.021541 -0.036637 0.080221 0.024002 0.106330 0.015881 -0.073129 -0.302207 0.299067
