0.000232501821424 -0.000112054112804 3.78317362529e-05 2.07966155467e-05 -9.18770226963e-05 -7.90101835508e-05 -6.15302645472e-05 -2.2848486697e-05 -8.25928977435e-06 -8.0657105608e-06 9.48772259907e-06 -1.49214614432e-05 9.81522660597e-05 4.54471035259e-05 2.6768394934e-06 -2.89961521728e-05 5.4716301998e-05 2.31373176126e-07 -9.55642156118e-05 -6.31617307059e-05 -4.52544937704e-05 3.66578330758e-05 6.43679142447e-05 -0.000111208217434 7.21377759229e-05 5.68997498023e-05 3.20850059775e-05
-0.000112054112804 0.000289640107686 -0.000129377215466 -1.41624404196e-05 6.6893587501e-05 -4.70394551289e-05 -4.39878253787e-05 -7.43628963268e-06 -1.77643933428e-05 -2.2696369725e-05 -7.66361400396e-06 3.17721240251e-06 -6.14127380357e-05 5.47765296566e-05 5.62481636886e-05 1.29166366188e-05 -5.33813021905e-05 4.25561441718e-05 4.62019182123e-05 -8.10647960448e-05 -1.78751091832e-05 -3.37381531459e-05 9.97630224128e-07 0.000116421299847 -0.000141685524172 5.95683740483e-05 3.99568607081e-05
3.78317362529e-05 -0.000129377215466 0.000228647311737 -8.12433276451e-05 -1.12416537781e-05 7.05900420458e-06 -4.50550535909e-05 4.41871989374e-05 1.15344819888e-05 -2.28544640068e-05 2.53472364451e-05 1.49618123462e-05 -1.13185790968e-05 -9.02802434624e-05 3.40576262818e-06 6.19729463982e-05 2.43380947248e-05 -6.70186953776e-05 2.23660971608e-05 4.1324135548e-05 -7.92620991349e-05 3.31512747415e-05 -3.79513686976e-05 3.18583255183e-05 5.82133213616e-05 -6.60849904812e-05 1.21642502065e-05
2.07966155467e-05 -1.41624404196e-05 -8.12433276451e-05 0.000243334238633 -7.46462742371e-05 -7.53447754607e-06 -1.31256182034e-05 -9.14809524236e-05 2.40425321362e-06 6.08994100129e-05 -2.62454083388e-05 9.01651495711e-06 7.95162638372e-05 -6.63507355645e-07 -0.000122210650827 2.88807666015e-05 5.70353080014e-05 4.74663202744e-05 -8.50257669546e-05 4.17922746585e-05 2.85665093397e-05 -9.30917510881e-05 9.54686026066e-06 -5.69188602579e-05 6.66593668402e-05 3.22092814789e-05 -4.12050418669e-05
-9.18770226963e-05 6.6893587501e-05 -1.12416537781e-05 -7.46462742371e-05 0.000257198996058 -4.49047403116e-05 9.51981727961e-06 -4.60980414383e-05 -9.52705086168e-05 4.82403239924e-05 5.28270393771e-05 -7.09218803859e-06 -5.99908881781e-05 5.20926106444e-05 1.72090784651e-05 -9.82249163342e-05 -5.96843388639e-06 4.28137765881e-05 0.00012553881116 -4.92980549041e-05 4.07263070308e-05 -3.46872058068e-05 -9.36181217062e-05 7.21080072298e-05 -8.34230407365e-05 7.98836445881e-06 1.98314568673e-05
-7.90101835508e-05 -4.70394551289e-05 7.05900420459e-06 -7.53447754608e-06 -4.49047403116e-05 0.000332551824842 -1.29318250968e-05 -1.69886837233e-05 -3.9734483908e-06 -0.000146131757705 4.71696549977e-05 7.09511408548e-05 -6.30565426148e-05 -2.69296328795e-05 3.23878962233e-05 -2.16590507419e-05 -6.30966515528e-05 9.71096422034e-06 4.21612324435e-05 0.000127062782859 -1.96430371858e-05 4.49514158414e-05 -6.0195378379e-05 -8.83457043756e-05 7.7415054157e-05 -0.000108481191393 2.17126816028e-05
-6.15302645472e-05 -4.39878253786e-05 -4.50550535909e-05 -1.31256182034e-05 9.5198172796e-06 -1.29318250968e-05 0.000348222875224 -5.72259023464e-05 -3.83086242808e-05 3.17566687763e-05 -0.000143409480024 4.45736158677e-06 6.55448845307e-05 -3.91828827461e-05 -4.34571090318e-05 4.20978135443e-05 -2.31325886411e-05 -4.01599876944e-05 3.16231570547e-05 6.58538166415e-05 0.00012908505258 -6.6035268753e-05 4.58025464723e-05 -4.84277431193e-05 -7.70130146413e-05 4.01168025049e-05 -8.03254047492e-05
-2.2848486697e-05 -7.43628963268e-06 4.41871989374e-05 -9.14809524236e-05 -4.60980414383e-05 -1.69886837233e-05 -5.72259023464e-05 0.000328465938554 -3.84243713792e-05 -3.11812948317e-05 7.08602281528e-06 -0.000152332452307 -1.31518071484e-05 2.29616592664e-05 6.12488978736e-05 -2.37588351736e-05 3.12038725169e-05 -7.24471769789e-05 8.42587120598e-06 -1.86327265427e-07 3.79150694519e-05 6.11687540718e-05 3.32797318705e-06 5.31945184373e-05 -5.48455988361e-05 -9.62997228388e-05 4.36209909402e-05
-8.25928977433e-06 -1.77643933428e-05 1.15344819888e-05 2.40425321361e-06 -9.52705086168e-05 -3.97344839081e-06 -3.83086242807e-05 -3.84243713792e-05 0.000377029980416 -8.72136381452e-05 -5.02014922908e-05 2.40170689838e-05 -0.000145383437656 -3.64241675589e-05 3.72095188581e-05 5.61510036711e-05 2.52156706967e-05 1.69931934923e-05 -9.07999624556e-05 -4.10482312411e-05 2.9427916335e-05 7.95639546953e-05 3.71325007363e-05 -2.509048777e-05 4.96817248822e-05 -4.29329941259e-05 -4.93245392948e-05
-8.06571056078e-06 -2.26963697249e-05 -2.28544640068e-05 6.08994100129e-05 4.82403239924e-05 -0.000146131757705 3.17566687763e-05 -3.11812948317e-05 -8.72136381452e-05 0.00039967776426 -9.83148913175e-05 -9.34908047224e-05 9.50435874799e-05 -9.92342017394e-05 -7.72129293641e-05 3.94205662924e-05 -3.79622871773e-06 9.95965469345e-05 -2.37887217563e-05 -4.70764558767e-05 -9.35811574852e-05 3.55506235803e-05 6.37283949475e-05 3.56209410878e-05 -3.14850441568e-05 5.80227677362e-05 -9.64315990003e-05
9.48772259905e-06 -7.66361400398e-06 2.53472364451e-05 -2.62454083388e-05 5.28270393771e-05 4.71696549977e-05 -0.000143409480024 7.08602281528e-06 -5.02014922908e-05 -9.83148913175e-05 0.000329613353179 -5.73098809959e-05 -8.67093152327e-05 9.11118903501e-05 -2.06423011753e-05 -6.65311917386e-05 -3.08029412764e-05 -1.20085665691e-05 0.000129392702058 1.01187984727e-06 -5.72418239366e-05 -0.000111378304471 2.1155286212e-05 5.14943749651e-05 2.59156645214e-05 -6.76679023749e-05 4.87285229904e-05
-1.49214614432e-05 3.17721240253e-06 1.49618123462e-05 9.0165149571e-06 -7.09218803859e-06 7.09511408548e-05 4.45736158674e-06 -0.000152332452307 2.40170689838e-05 -9.34908047224e-05 -5.73098809959e-05 0.000314210524464 -2.93104625739e-05 -8.39844557382e-05 7.56250479589e-05 -3.71307544049e-05 -4.11957570471e-06 -5.23257111583e-05 -5.548157941e-05 0.000103804848012 2.73559554948e-05 -5.06923665408e-05 -0.000108685547866 -1.06591933654e-06 0.00010425393038 4.34068238059e-05 -5.6464218813e-05
9.81522660597e-05 -6.14127380357e-05 -1.13185790968e-05 7.95162638372e-05 -5.99908881781e-05 -6.30565426148e-05 6.55448845307e-05 -1.31518071484e-05 -0.000145383437656 9.50435874799e-05 -8.67093152327e-05 -2.93104625739e-05 0.00028099734175 -4.06051959561e-05 -9.11440356951e-05 8.1574383869e-05 -3.86261927665e-05 -7.29292333913e-06 -2.94796783081e-05 -7.1621533917e-05 4.14933040464e-05 6.92541437346e-06 5.81463427335e-06 -9.60569497758e-05 -1.99067882533e-05 0.00010162735416 2.69415717547e-05
4.54471035258e-05 5.47765296566e-05 -9.02802434624e-05 -6.63507355653e-07 5.20926106444e-05 -2.69296328795e-05 -3.91828827461e-05 2.29616592665e-05 -3.64241675589e-05 -9.92342017393e-05 9.11118903501e-05 -8.39844557382e-05 -4.06051959561e-05 0.000307040345536 -7.25615125587e-05 -9.58174328584e-05 8.508724915e-05 -1.48331591553e-05 3.89765972295e-06 -1.64217831653e-05 -7.01937762072e-05 4.03517485053e-05 -4.18633275473e-06 -5.75101077902e-06 -7.03554289419e-05 -5.55300918358e-05 0.000135806006024
2.67683949342e-06 5.62481636886e-05 3.40576262818e-06 -0.000122210650827 1.72090784651e-05 3.23878962233e-05 -4.34571090318e-05 6.12488978736e-05 3.72095188581e-05 -7.72129293641e-05 -2.06423011753e-05 7.56250479589e-05 -9.11440356951e-05 -7.25615125587e-05 0.000262634856729 -6.92868115171e-05 -4.44990715332e-05 4.06241049959e-05 -3.99963058876e-05 -1.13180569327e-05 4.97290267793e-05 -1.71426934177e-05 2.90337189248e-05 1.30818929379e-05 -2.95807702506e-05 1.91828255483e-05 -6.17388654297e-05
-2.89961521728e-05 1.29166366188e-05 6.19729463982e-05 2.88807666015e-05 -9.82249163342e-05 -2.16590507419e-05 4.20978135443e-05 -2.37588351736e-05 5.61510036711e-05 3.94205662924e-05 -6.65311917386e-05 -3.71307544049e-05 8.1574383869e-05 -9.58174328584e-05 -6.92868115171e-05 0.000255283628365 -9.7429080125e-05 -3.12291053988e-05 3.57448166321e-05 -3.39138775222e-05 -4.86110022295e-05 4.0693632363e-05 5.55077898208e-06 5.31346753815e-05 1.26877833183e-05 -2.49952511668e-05 -4.61158679189e-05
5.4716301998e-05 -5.33813021905e-05 2.43380947248e-05 5.70353080014e-05 -5.96843388636e-06 -6.30966515528e-05 -2.31325886411e-05 3.12038725169e-05 2.52156706967e-05 -3.79622871775e-06 -3.08029412763e-05 -4.11957570472e-06 -3.86261927665e-05 8.508724915e-05 -4.44990715332e-05 -9.7429080125e-05 0.000266849394831 -9.58247096693e-05 -4.8685119187e-05 -8.26670818673e-06 -3.53004950257e-05 -2.08156032637e-07 2.06571141254e-05 -4.86486797967e-05 5.32336748592e-05 9.03972593906e-07 7.03798330857e-06
2.31373176144e-07 4.25561441718e-05 -6.70186953776e-05 4.74663202744e-05 4.28137765881e-05 9.71096422035e-06 -4.01599876944e-05 -7.24471769789e-05 1.69931934923e-05 9.95965469345e-05 -1.20085665691e-05 -5.23257111583e-05 -7.2929233391e-06 -1.48331591553e-05 4.06241049958e-05 -3.12291053988e-05 -9.58247096693e-05 0.000312764764772 -7.97860295082e-05 -3.73527937126e-05 -4.09353130871e-05 -6.29806337383e-05 1.69113988806e-06 2.66349867287e-05 -5.26904414679e-05 1.47341056543e-05 3.40161134237e-05
-9.55642156118e-05 4.62019182123e-05 2.23660971608e-05 -8.50257669546e-05 0.00012553881116 4.21612324435e-05 3.16231570547e-05 8.42587120596e-06 -9.07999624556e-05 -2.37887217563e-05 0.000129392702058 -5.548157941e-05 -2.94796783081e-05 3.89765972292e-06 -3.99963058876e-05 3.57448166322e-05 -4.8685119187e-05 -7.97860295082e-05 0.000290209391163 -4.75070613747e-05 -9.5451487494e-06 -2.82748363493e-05 -9.29149861551e-05 2.49764641153e-05 2.26688117688e-05 -2.52747514814e-05 -2.93283371136e-05
-6.31617307059e-05 -8.10647960447e-05 4.1324135548e-05 4.17922746585e-05 -4.92980549041e-05 0.000127062782859 6.58538166415e-05 -1.86327265428e-07 -4.10482312411e-05 -4.70764558767e-05 1.01187984725e-06 0.000103804848012 -7.16215339171e-05 -1.64217831653e-05 -1.13180569327e-05 -3.39138775222e-05 -8.26670818673e-06 -3.73527937126e-05 -4.75070613747e-05 0.00034787485813 -5.54875076359e-05 -6.4382714453e-05 -2.35953710033e-05 -4.87148596517e-05 4.87944127275e-05 -1.88133682953e-05 -7.03125497398e-05
-4.52544937704e-05 -1.78751091832e-05 -7.92620991349e-05 2.85665093397e-05 4.07263070308e-05 -1.96430371858e-05 0.00012908505258 3.7915069452e-05 2.9427916335e-05 -9.35811574852e-05 -5.72418239366e-05 2.73559554948e-05 4.14933040464e-05 -7.01937762073e-05 4.97290267793e-05 -4.86110022294e-05 -3.53004950257e-05 -4.09353130871e-05 -9.5451487494e-06 -5.54875076359e-05 0.000355347148005 -8.69890998501e-05 -3.2973171381e-05 -1.52680274721e-05 -2.12895411887e-05 1.56726851563e-05 -4.59033644712e-05
3.66578330758e-05 -3.37381531459e-05 3.31512747414e-05 -9.30917510881e-05 -3.46872058068e-05 4.49514158414e-05 -6.60352687529e-05 6.11687540718e-05 7.95639546953e-05 3.55506235804e-05 -0.000111378304471 -5.06923665408e-05 6.92541437352e-06 4.03517485053e-05 -1.71426934177e-05 4.0693632363e-05 -2.08156032626e-07 -6.29806337383e-05 -2.82748363493e-05 -6.4382714453e-05 -8.69890998501e-05 0.000306209045075 -1.82688030349e-05 -6.28395303484e-05 1.0668709169e-05 -4.71266268747e-05 6.41003676862e-05
6.43679142447e-05 9.97630224131e-07 -3.79513686976e-05 9.54686026066e-06 -9.36181217062e-05 -6.01953783789e-05 4.58025464723e-05 3.32797318705e-06 3.71325007362e-05 6.37283949474e-05 2.11552862121e-05 -0.000108685547866 5.81463427333e-06 -4.18633275471e-06 2.90337189249e-05 5.55077898205e-06 2.06571141254e-05 1.69113988805e-06 -9.29149861551e-05 -2.35953710032e-05 -3.2973171381e-05 -1.82688030349e-05 0.000257749264314 -4.44944607157e-05 -9.62154952765e-05 6.65279266301e-05 -2.81938228922e-05
-0.000111208217434 0.000116421299847 3.18583255183e-05 -5.69188602579e-05 7.21080072298e-05 -8.83457043756e-05 -4.84277431192e-05 5.31945184373e-05 -2.509048777e-05 3.56209410879e-05 5.14943749651e-05 -1.0659193366e-06 -9.60569497758e-05 -5.75101077903e-06 1.30818929379e-05 5.31346753816e-05 -4.86486797967e-05 2.66349867288e-05 2.49764641153e-05 -4.87148596518e-05 -1.52680274721e-05 -6.28395303484e-05 -4.44944607157e-05 0.000295091040276 -6.0698428459e-05 -0.000115202317428 3.6217094681e-05
7.21377759229e-05 -0.000141685524172 5.82133213617e-05 6.66593668402e-05 -8.34230407365e-05 7.7415054157e-05 -7.70130146413e-05 -5.48455988361e-05 4.96817248822e-05 -3.14850441568e-05 2.59156645214e-05 0.00010425393038 -1.99067882533e-05 -7.03554289419e-05 -2.95807702506e-05 1.26877833183e-05 5.32336748592e-05 -5.26904414679e-05 2.26688117688e-05 4.87944127275e-05 -2.12895411887e-05 1.0668709169e-05 -9.62154952765e-05 -6.0698428459e-05 0.000266315089342 -4.33034126928e-05 -8.5066215451e-05
5.68997498023e-05 5.95683740484e-05 -6.60849904811e-05 3.22092814789e-05 7.9883644588e-06 -0.000108481191393 4.01168025049e-05 -9.62997228388e-05 -4.29329941259e-05 5.80227677361e-05 -6.76679023749e-05 4.34068238059e-05 0.00010162735416 -5.55300918358e-05 1.91828255484e-05 -2.49952511668e-05 9.03972593931e-07 1.47341056543e-05 -2.52747514814e-05 -1.88133682952e-05 1.56726851563e-05 -4.71266268748e-05 6.65279266301e-05 -0.000115202317428 -4.33034126928e-05 0.00024628897316 -3.92484234766e-05
3.20850059775e-05 3.99568607081e-05 1.21642502065e-05 -4.12050418669e-05 1.98314568673e-05 2.17126816028e-05 -8.03254047492e-05 4.36209909403e-05 -4.93245392948e-05 -9.64315990003e-05 4.87285229904e-05 -5.64642188131e-05 2.69415717547e-05 0.000135806006024 -6.17388654297e-05 -4.61158679188e-05 7.03798330856e-06 3.40161134237e-05 -2.93283371135e-05 -7.03125497398e-05 -4.59033644711e-05 6.41003676862e-05 -2.81938228922e-05 3.6217094681e-05 -8.5066215451e-05 -3.92484234767e-05 0.000223122368695
